1 2
2 1
1 3
3 1
1 4
4 1
1 5
5 1
1 6
6 1
1 7
7 1
1 8
8 1
1 9
9 1
1 10
10 1
1 14
14 1
1 20
20 1
1 25
25 1
1 28
28 1
1 29
29 1
1 32
32 1
1 37
37 1
1 42
42 1
1 54
54 1
1 68
68 1
1 85
85 1
1 88
88 1
1 91
91 1
1 108
108 1
1 120
120 1
1 122
122 1
1 124
124 1
1 127
127 1
1 131
131 1
1 134
134 1
1 141
141 1
1 147
147 1
1 154
154 1
1 155
155 1
1 165
165 1
1 171
171 1
1 209
209 1
1 213
213 1
1 226
226 1
1 235
235 1
1 260
260 1
1 264
264 1
1 268
268 1
1 285
285 1
1 286
286 1
1 299
299 1
1 315
315 1
1 345
345 1
1 355
355 1
1 403
403 1
1 431
431 1
1 434
434 1
1 442
442 1
1 467
467 1
1 496
496 1
2 3
3 2
2 4
4 2
2 5
5 2
2 6
6 2
2 7
7 2
2 9
9 2
2 10
10 2
2 11
11 2
2 13
13 2
2 15
15 2
2 18
18 2
2 21
21 2
2 22
22 2
2 26
26 2
2 31
31 2
2 33
33 2
2 36
36 2
2 42
42 2
2 44
44 2
2 45
45 2
2 54
54 2
2 61
61 2
2 65
65 2
2 66
66 2
2 78
78 2
2 81
81 2
2 83
83 2
2 92
92 2
2 97
97 2
2 104
104 2
2 108
108 2
2 119
119 2
2 121
121 2
2 123
123 2
2 127
127 2
2 131
131 2
2 137
137 2
2 156
156 2
2 159
159 2
2 164
164 2
2 167
167 2
2 188
188 2
2 194
194 2
2 209
209 2
2 223
223 2
2 234
234 2
2 245
245 2
2 278
278 2
2 293
293 2
2 301
301 2
2 310
310 2
2 316
316 2
2 381
381 2
2 383
383 2
2 388
388 2
2 403
403 2
2 409
409 2
2 412
412 2
2 417
417 2
2 465
465 2
2 466
466 2
2 473
473 2
3 4
4 3
3 5
5 3
3 6
6 3
3 7
7 3
3 8
8 3
3 9
9 3
3 10
10 3
3 11
11 3
3 12
12 3
3 19
19 3
3 20
20 3
3 21
21 3
3 23
23 3
3 26
26 3
3 28
28 3
3 29
29 3
3 30
30 3
3 33
33 3
3 35
35 3
3 42
42 3
3 44
44 3
3 46
46 3
3 48
48 3
3 50
50 3
3 56
56 3
3 61
61 3
3 63
63 3
3 64
64 3
3 67
67 3
3 70
70 3
3 71
71 3
3 81
81 3
3 92
92 3
3 98
98 3
3 108
108 3
3 114
114 3
3 126
126 3
3 130
130 3
3 133
133 3
3 146
146 3
3 148
148 3
3 169
169 3
3 174
174 3
3 190
190 3
3 203
203 3
3 224
224 3
3 233
233 3
3 238
238 3
3 255
255 3
3 262
262 3
3 263
263 3
3 267
267 3
3 269
269 3
3 276
276 3
3 281
281 3
3 291
291 3
3 297
297 3
3 306
306 3
3 321
321 3
3 322
322 3
3 323
323 3
3 341
341 3
3 350
350 3
3 361
361 3
3 388
388 3
3 400
400 3
3 410
410 3
3 411
411 3
3 418
418 3
3 429
429 3
3 431
431 3
3 434
434 3
3 435
435 3
3 462
462 3
3 469
469 3
3 470
470 3
3 485
485 3
4 5
5 4
4 6
6 4
4 7
7 4
4 8
8 4
4 10
10 4
4 11
11 4
4 12
12 4
4 15
15 4
4 17
17 4
4 20
20 4
4 24
24 4
4 27
27 4
4 28
28 4
4 33
33 4
4 35
35 4
4 43
43 4
4 44
44 4
4 45
45 4
4 56
56 4
4 62
62 4
4 73
73 4
4 74
74 4
4 106
106 4
4 110
110 4
4 113
113 4
4 116
116 4
4 120
120 4
4 147
147 4
4 151
151 4
4 155
155 4
4 174
174 4
4 196
196 4
4 203
203 4
4 204
204 4
4 224
224 4
4 231
231 4
4 251
251 4
4 259
259 4
4 265
265 4
4 275
275 4
4 309
309 4
4 314
314 4
4 337
337 4
4 357
357 4
4 358
358 4
4 363
363 4
4 372
372 4
4 396
396 4
4 403
403 4
4 408
408 4
4 459
459 4
4 464
464 4
4 467
467 4
4 488
488 4
5 6
6 5
5 7
7 5
5 8
8 5
5 10
10 5
5 12
12 5
5 15
15 5
5 16
16 5
5 21
21 5
5 24
24 5
5 26
26 5
5 27
27 5
5 30
30 5
5 46
46 5
5 49
49 5
5 51
51 5
5 54
54 5
5 62
62 5
5 66
66 5
5 71
71 5
5 78
78 5
5 84
84 5
5 96
96 5
5 97
97 5
5 100
100 5
5 102
102 5
5 109
109 5
5 114
114 5
5 120
120 5
5 135
135 5
5 138
138 5
5 139
139 5
5 150
150 5
5 165
165 5
5 178
178 5
5 181
181 5
5 191
191 5
5 196
196 5
5 205
205 5
5 207
207 5
5 216
216 5
5 233
233 5
5 274
274 5
5 279
279 5
5 285
285 5
5 368
368 5
5 370
370 5
5 377
377 5
5 391
391 5
5 398
398 5
5 402
402 5
5 488
488 5
6 7
7 6
6 8
8 6
6 9
9 6
6 12
12 6
6 14
14 6
6 19
19 6
6 21
21 6
6 22
22 6
6 28
28 6
6 29
29 6
6 30
30 6
6 36
36 6
6 38
38 6
6 40
40 6
6 42
42 6
6 47
47 6
6 48
48 6
6 52
52 6
6 53
53 6
6 62
62 6
6 63
63 6
6 72
72 6
6 83
83 6
6 92
92 6
6 105
105 6
6 129
129 6
6 136
136 6
6 137
137 6
6 148
148 6
6 163
163 6
6 169
169 6
6 181
181 6
6 192
192 6
6 197
197 6
6 249
249 6
6 251
251 6
6 280
280 6
6 321
321 6
6 330
330 6
6 333
333 6
6 346
346 6
6 375
375 6
6 380
380 6
6 415
415 6
6 428
428 6
6 429
429 6
6 454
454 6
6 482
482 6
6 491
491 6
7 8
8 7
7 9
9 7
7 11
11 7
7 13
13 7
7 19
19 7
7 23
23 7
7 27
27 7
7 34
34 7
7 39
39 7
7 49
49 7
7 51
51 7
7 59
59 7
7 61
61 7
7 64
64 7
7 67
67 7
7 71
71 7
7 75
75 7
7 78
78 7
7 84
84 7
7 85
85 7
7 115
115 7
7 125
125 7
7 127
127 7
7 130
130 7
7 135
135 7
7 143
143 7
7 156
156 7
7 162
162 7
7 175
175 7
7 189
189 7
7 190
190 7
7 193
193 7
7 210
210 7
7 240
240 7
7 245
245 7
7 270
270 7
7 273
273 7
7 282
282 7
7 290
290 7
7 299
299 7
7 301
301 7
7 311
311 7
7 313
313 7
7 329
329 7
7 331
331 7
7 359
359 7
7 360
360 7
7 364
364 7
7 365
365 7
7 370
370 7
7 387
387 7
7 406
406 7
7 416
416 7
7 422
422 7
7 429
429 7
7 438
438 7
7 444
444 7
7 450
450 7
7 468
468 7
7 479
479 7
7 484
484 7
8 9
9 8
8 10
10 8
8 11
11 8
8 12
12 8
8 13
13 8
8 14
14 8
8 15
15 8
8 16
16 8
8 17
17 8
8 18
18 8
8 19
19 8
8 20
20 8
8 24
24 8
8 25
25 8
8 26
26 8
8 27
27 8
8 29
29 8
8 30
30 8
8 33
33 8
8 35
35 8
8 36
36 8
8 37
37 8
8 39
39 8
8 40
40 8
8 41
41 8
8 47
47 8
8 49
49 8
8 54
54 8
8 55
55 8
8 58
58 8
8 60
60 8
8 61
61 8
8 62
62 8
8 69
69 8
8 70
70 8
8 72
72 8
8 74
74 8
8 75
75 8
8 82
82 8
8 84
84 8
8 89
89 8
8 90
90 8
8 94
94 8
8 98
98 8
8 102
102 8
8 105
105 8
8 107
107 8
8 111
111 8
8 114
114 8
8 115
115 8
8 116
116 8
8 119
119 8
8 121
121 8
8 122
122 8
8 124
124 8
8 139
139 8
8 142
142 8
8 158
158 8
8 161
161 8
8 163
163 8
8 168
168 8
8 169
169 8
8 170
170 8
8 172
172 8
8 173
173 8
8 174
174 8
8 190
190 8
8 193
193 8
8 199
199 8
8 200
200 8
8 201
201 8
8 207
207 8
8 217
217 8
8 218
218 8
8 234
234 8
8 248
248 8
8 253
253 8
8 258
258 8
8 261
261 8
8 266
266 8
8 273
273 8
8 276
276 8
8 279
279 8
8 287
287 8
8 290
290 8
8 292
292 8
8 351
351 8
8 352
352 8
8 358
358 8
8 370
370 8
8 377
377 8
8 396
396 8
8 405
405 8
8 406
406 8
8 408
408 8
8 411
411 8
8 415
415 8
8 438
438 8
8 452
452 8
8 468
468 8
8 478
478 8
8 483
483 8
8 486
486 8
8 491
491 8
8 492
492 8
9 13
13 9
9 14
14 9
9 17
17 9
9 18
18 9
9 20
20 9
9 21
21 9
9 22
22 9
9 27
27 9
9 34
34 9
9 45
45 9
9 47
47 9
9 50
50 9
9 57
57 9
9 59
59 9
9 64
64 9
9 75
75 9
9 78
78 9
9 82
82 9
9 86
86 9
9 96
96 9
9 103
103 9
9 109
109 9
9 110
110 9
9 116
116 9
9 127
127 9
9 128
128 9
9 129
129 9
9 145
145 9
9 157
157 9
9 158
158 9
9 162
162 9
9 163
163 9
9 167
167 9
9 187
187 9
9 191
191 9
9 200
200 9
9 207
207 9
9 232
232 9
9 242
242 9
9 256
256 9
9 260
260 9
9 270
270 9
9 272
272 9
9 275
275 9
9 282
282 9
9 289
289 9
9 290
290 9
9 296
296 9
9 316
316 9
9 342
342 9
9 393
393 9
9 394
394 9
9 421
421 9
9 453
453 9
9 484
484 9
9 500
500 9
10 11
11 10
10 13
13 10
10 16
16 10
10 17
17 10
10 22
22 10
10 26
26 10
10 27
27 10
10 43
43 10
10 51
51 10
10 53
53 10
10 101
101 10
10 126
126 10
10 137
137 10
10 142
142 10
10 145
145 10
10 150
150 10
10 166
166 10
10 182
182 10
10 195
195 10
10 201
201 10
10 286
286 10
10 296
296 10
10 310
310 10
10 318
318 10
10 352
352 10
10 359
359 10
10 454
454 10
10 465
465 10
10 470
470 10
10 472
472 10
11 12
12 11
11 13
13 11
11 14
14 11
11 15
15 11
11 16
16 11
11 18
18 11
11 19
19 11
11 21
21 11
11 23
23 11
11 24
24 11
11 25
25 11
11 26
26 11
11 29
29 11
11 32
32 11
11 35
35 11
11 36
36 11
11 39
39 11
11 41
41 11
11 50
50 11
11 51
51 11
11 52
52 11
11 53
53 11
11 65
65 11
11 67
67 11
11 68
68 11
11 69
69 11
11 71
71 11
11 74
74 11
11 76
76 11
11 79
79 11
11 81
81 11
11 85
85 11
11 86
86 11
11 88
88 11
11 95
95 11
11 96
96 11
11 101
101 11
11 103
103 11
11 106
106 11
11 109
109 11
11 128
128 11
11 135
135 11
11 143
143 11
11 146
146 11
11 158
158 11
11 161
161 11
11 170
170 11
11 178
178 11
11 179
179 11
11 181
181 11
11 183
183 11
11 189
189 11
11 195
195 11
11 197
197 11
11 206
206 11
11 209
209 11
11 221
221 11
11 230
230 11
11 231
231 11
11 241
241 11
11 247
247 11
11 253
253 11
11 255
255 11
11 256
256 11
11 277
277 11
11 289
289 11
11 303
303 11
11 305
305 11
11 306
306 11
11 313
313 11
11 342
342 11
11 343
343 11
11 350
350 11
11 356
356 11
11 358
358 11
11 383
383 11
11 397
397 11
11 414
414 11
11 417
417 11
11 419
419 11
11 420
420 11
11 421
421 11
11 430
430 11
11 433
433 11
11 439
439 11
11 466
466 11
11 480
480 11
11 487
487 11
12 14
14 12
12 16
16 12
12 18
18 12
12 19
19 12
12 22
22 12
12 28
28 12
12 35
35 12
12 36
36 12
12 43
43 12
12 45
45 12
12 51
51 12
12 57
57 12
12 59
59 12
12 65
65 12
12 66
66 12
12 69
69 12
12 76
76 12
12 77
77 12
12 79
79 12
12 80
80 12
12 81
81 12
12 86
86 12
12 99
99 12
12 109
109 12
12 124
124 12
12 125
125 12
12 127
127 12
12 134
134 12
12 136
136 12
12 140
140 12
12 150
150 12
12 155
155 12
12 156
156 12
12 164
164 12
12 165
165 12
12 175
175 12
12 177
177 12
12 183
183 12
12 193
193 12
12 195
195 12
12 196
196 12
12 216
216 12
12 228
228 12
12 246
246 12
12 259
259 12
12 266
266 12
12 267
267 12
12 274
274 12
12 277
277 12
12 280
280 12
12 297
297 12
12 300
300 12
12 317
317 12
12 320
320 12
12 332
332 12
12 337
337 12
12 339
339 12
12 354
354 12
12 387
387 12
12 392
392 12
12 401
401 12
12 415
415 12
12 417
417 12
12 456
456 12
12 461
461 12
12 466
466 12
12 484
484 12
13 15
15 13
13 16
16 13
13 17
17 13
13 31
31 13
13 34
34 13
13 38
38 13
13 46
46 13
13 50
50 13
13 55
55 13
13 57
57 13
13 58
58 13
13 65
65 13
13 70
70 13
13 72
72 13
13 75
75 13
13 90
90 13
13 100
100 13
13 101
101 13
13 103
103 13
13 111
111 13
13 114
114 13
13 122
122 13
13 142
142 13
13 177
177 13
13 195
195 13
13 215
215 13
13 217
217 13
13 220
220 13
13 230
230 13
13 232
232 13
13 242
242 13
13 268
268 13
13 270
270 13
13 281
281 13
13 297
297 13
13 301
301 13
13 321
321 13
13 326
326 13
13 361
361 13
13 362
362 13
13 374
374 13
13 375
375 13
13 376
376 13
13 381
381 13
13 425
425 13
13 432
432 13
13 441
441 13
13 471
471 13
13 497
497 13
14 18
18 14
14 23
23 14
14 25
25 14
14 32
32 14
14 33
33 14
14 38
38 14
14 39
39 14
14 40
40 14
14 43
43 14
14 64
64 14
14 87
87 14
14 107
107 14
14 154
154 14
14 155
155 14
14 169
169 14
14 185
185 14
14 201
201 14
14 275
275 14
14 301
301 14
14 416
416 14
14 418
418 14
14 480
480 14
15 17
17 15
15 25
25 15
15 30
30 15
15 68
68 15
15 72
72 15
15 88
88 15
15 123
123 15
15 175
175 15
15 201
201 15
15 210
210 15
15 222
222 15
15 227
227 15
15 253
253 15
15 262
262 15
15 272
272 15
15 275
275 15
15 368
368 15
15 374
374 15
15 455
455 15
15 496
496 15
16 30
30 16
16 60
60 16
16 61
61 16
16 99
99 16
16 117
117 16
16 169
169 16
16 202
202 16
16 230
230 16
16 234
234 16
16 286
286 16
16 298
298 16
16 427
427 16
16 435
435 16
16 448
448 16
17 20
20 17
17 23
23 17
17 28
28 17
17 34
34 17
17 37
37 17
17 38
38 17
17 55
55 17
17 71
71 17
17 87
87 17
17 104
104 17
17 124
124 17
17 158
158 17
17 180
180 17
17 185
185 17
17 213
213 17
17 240
240 17
17 351
351 17
17 396
396 17
17 406
406 17
17 479
479 17
18 31
31 18
18 51
51 18
18 54
54 18
18 57
57 18
18 73
73 18
18 76
76 18
18 89
89 18
18 91
91 18
18 121
121 18
18 131
131 18
18 137
137 18
18 147
147 18
18 171
171 18
18 279
279 18
18 283
283 18
18 305
305 18
18 317
317 18
18 332
332 18
18 336
336 18
18 344
344 18
18 402
402 18
18 457
457 18
18 468
468 18
18 477
477 18
18 493
493 18
19 36
36 19
19 37
37 19
19 97
97 19
19 144
144 19
19 239
239 19
19 242
242 19
19 410
410 19
19 427
427 19
19 435
435 19
19 445
445 19
19 488
488 19
20 22
22 20
20 24
24 20
20 31
31 20
20 39
39 20
20 86
86 20
20 87
87 20
20 91
91 20
20 93
93 20
20 111
111 20
20 192
192 20
20 197
197 20
20 278
278 20
20 331
331 20
20 382
382 20
20 384
384 20
20 449
449 20
20 475
475 20
21 63
63 21
21 77
77 21
21 88
88 21
21 93
93 21
21 111
111 21
21 115
115 21
21 132
132 21
21 135
135 21
21 149
149 21
21 168
168 21
21 248
248 21
21 289
289 21
21 299
299 21
21 328
328 21
21 334
334 21
21 343
343 21
21 367
367 21
21 375
375 21
21 396
396 21
21 427
427 21
21 437
437 21
21 474
474 21
21 489
489 21
22 23
23 22
22 24
24 22
22 31
31 22
22 48
48 22
22 58
58 22
22 62
62 22
22 81
81 22
22 93
93 22
22 104
104 22
22 123
123 22
22 149
149 22
22 211
211 22
22 284
284 22
22 293
293 22
22 295
295 22
22 343
343 22
22 345
345 22
22 371
371 22
22 392
392 22
22 455
455 22
22 459
459 22
22 499
499 22
23 25
25 23
23 32
32 23
23 46
46 23
23 48
48 23
23 52
52 23
23 68
68 23
23 71
71 23
23 91
91 23
23 99
99 23
23 134
134 23
23 150
150 23
23 157
157 23
23 186
186 23
23 190
190 23
23 200
200 23
23 215
215 23
23 225
225 23
23 234
234 23
23 258
258 23
23 284
284 23
23 292
292 23
23 297
297 23
23 332
332 23
23 372
372 23
23 385
385 23
23 386
386 23
23 400
400 23
23 405
405 23
23 436
436 23
23 443
443 23
23 461
461 23
24 33
33 24
24 63
63 24
24 84
84 24
24 87
87 24
24 90
90 24
24 95
95 24
24 109
109 24
24 112
112 24
24 118
118 24
24 163
163 24
24 180
180 24
24 189
189 24
24 191
191 24
24 193
193 24
24 200
200 24
24 203
203 24
24 242
242 24
24 257
257 24
24 320
320 24
24 332
332 24
24 335
335 24
24 336
336 24
24 399
399 24
24 425
425 24
24 450
450 24
24 483
483 24
24 495
495 24
25 31
31 25
25 32
32 25
25 34
34 25
25 38
38 25
25 39
39 25
25 41
41 25
25 46
46 25
25 52
52 25
25 57
57 25
25 60
60 25
25 70
70 25
25 77
77 25
25 82
82 25
25 113
113 25
25 115
115 25
25 119
119 25
25 194
194 25
25 225
225 25
25 231
231 25
25 265
265 25
25 323
323 25
25 348
348 25
25 355
355 25
25 356
356 25
25 393
393 25
25 398
398 25
25 400
400 25
25 445
445 25
25 449
449 25
25 454
454 25
25 461
461 25
25 475
475 25
25 495
495 25
25 499
499 25
26 38
38 26
26 43
43 26
26 44
44 26
26 49
49 26
26 63
63 26
26 69
69 26
26 73
73 26
26 76
76 26
26 77
77 26
26 78
78 26
26 79
79 26
26 89
89 26
26 91
91 26
26 95
95 26
26 98
98 26
26 146
146 26
26 151
151 26
26 171
171 26
26 190
190 26
26 192
192 26
26 194
194 26
26 198
198 26
26 220
220 26
26 246
246 26
26 252
252 26
26 274
274 26
26 307
307 26
26 338
338 26
26 358
358 26
26 369
369 26
26 376
376 26
26 425
425 26
26 439
439 26
26 440
440 26
26 456
456 26
26 466
466 26
26 469
469 26
26 474
474 26
26 486
486 26
27 29
29 27
27 34
34 27
27 59
59 27
27 66
66 27
27 100
100 27
27 117
117 27
27 298
298 27
27 311
311 27
27 381
381 27
27 419
419 27
27 428
428 27
27 450
450 27
28 37
37 28
28 43
43 28
28 49
49 28
28 50
50 28
28 55
55 28
28 60
60 28
28 73
73 28
28 84
84 28
28 114
114 28
28 146
146 28
28 161
161 28
28 172
172 28
28 179
179 28
28 188
188 28
28 192
192 28
28 196
196 28
28 198
198 28
28 216
216 28
28 232
232 28
28 245
245 28
28 344
344 28
28 346
346 28
28 385
385 28
28 390
390 28
28 446
446 28
28 494
494 28
29 44
44 29
29 74
74 29
29 78
78 29
29 101
101 29
29 114
114 29
29 197
197 29
29 215
215 29
29 221
221 29
29 225
225 29
29 231
231 29
29 247
247 29
29 327
327 29
29 376
376 29
29 380
380 29
29 404
404 29
29 411
411 29
29 416
416 29
29 427
427 29
30 32
32 30
30 41
41 30
30 48
48 30
30 50
50 30
30 53
53 30
30 55
55 30
30 60
60 30
30 69
69 30
30 90
90 30
30 96
96 30
30 106
106 30
30 216
216 30
30 220
220 30
30 253
253 30
30 259
259 30
30 280
280 30
30 290
290 30
30 324
324 30
30 354
354 30
30 362
362 30
30 366
366 30
30 373
373 30
30 379
379 30
30 386
386 30
30 394
394 30
30 395
395 30
30 405
405 30
30 479
479 30
31 64
64 31
31 76
76 31
31 94
94 31
31 112
112 31
31 124
124 31
31 133
133 31
31 136
136 31
31 143
143 31
31 157
157 31
31 176
176 31
31 191
191 31
31 212
212 31
31 235
235 31
31 243
243 31
31 283
283 31
31 294
294 31
31 330
330 31
31 456
456 31
32 35
35 32
32 40
40 32
32 42
42 32
32 44
44 32
32 55
55 32
32 56
56 32
32 59
59 32
32 70
70 32
32 77
77 32
32 81
81 32
32 95
95 32
32 96
96 32
32 105
105 32
32 117
117 32
32 118
118 32
32 145
145 32
32 149
149 32
32 154
154 32
32 193
193 32
32 197
197 32
32 204
204 32
32 207
207 32
32 213
213 32
32 219
219 32
32 222
222 32
32 224
224 32
32 228
228 32
32 229
229 32
32 244
244 32
32 291
291 32
32 322
322 32
32 353
353 32
32 371
371 32
32 378
378 32
32 393
393 32
32 426
426 32
32 449
449 32
32 453
453 32
32 471
471 32
32 475
475 32
32 480
480 32
32 493
493 32
32 500
500 32
33 37
37 33
33 42
42 33
33 54
54 33
33 56
56 33
33 58
58 33
33 62
62 33
33 65
65 33
33 68
68 33
33 69
69 33
33 85
85 33
33 86
86 33
33 89
89 33
33 90
90 33
33 102
102 33
33 110
110 33
33 113
113 33
33 118
118 33
33 127
127 33
33 128
128 33
33 140
140 33
33 158
158 33
33 162
162 33
33 167
167 33
33 172
172 33
33 173
173 33
33 194
194 33
33 195
195 33
33 198
198 33
33 223
223 33
33 225
225 33
33 229
229 33
33 241
241 33
33 246
246 33
33 269
269 33
33 272
272 33
33 285
285 33
33 291
291 33
33 307
307 33
33 313
313 33
33 316
316 33
33 317
317 33
33 328
328 33
33 339
339 33
33 340
340 33
33 342
342 33
33 355
355 33
33 367
367 33
33 372
372 33
33 378
378 33
33 383
383 33
33 408
408 33
33 413
413 33
33 422
422 33
33 447
447 33
33 481
481 33
33 485
485 33
33 486
486 33
33 489
489 33
33 490
490 33
34 41
41 34
34 45
45 34
34 53
53 34
34 67
67 34
34 184
184 34
34 221
221 34
34 264
264 34
34 360
360 34
34 475
475 34
35 40
40 35
35 41
41 35
35 47
47 35
35 49
49 35
35 53
53 35
35 75
75 35
35 126
126 35
35 177
177 35
35 271
271 35
35 431
431 35
35 433
433 35
35 437
437 35
35 456
456 35
35 491
491 35
36 45
45 36
36 47
47 36
36 72
72 36
36 79
79 36
36 113
113 36
36 159
159 36
36 160
160 36
36 196
196 36
36 313
313 36
36 323
323 36
36 349
349 36
36 408
408 36
37 56
56 37
37 57
57 37
37 164
164 37
37 165
165 37
37 215
215 37
37 217
217 37
37 283
283 37
37 292
292 37
37 308
308 37
37 438
438 37
37 457
457 37
37 474
474 37
38 52
52 38
38 82
82 38
38 92
92 38
38 126
126 38
38 137
137 38
38 141
141 38
38 152
152 38
38 205
205 38
38 334
334 38
38 354
354 38
38 442
442 38
38 456
456 38
39 40
40 39
39 73
73 39
39 74
74 39
39 130
130 39
39 142
142 39
39 194
194 39
39 199
199 39
39 208
208 39
39 219
219 39
39 239
239 39
39 289
289 39
39 302
302 39
39 359
359 39
39 379
379 39
39 385
385 39
39 413
413 39
39 420
420 39
39 433
433 39
39 437
437 39
39 441
441 39
39 472
472 39
39 485
485 39
39 492
492 39
40 52
52 40
40 99
99 40
40 101
101 40
40 110
110 40
40 153
153 40
40 221
221 40
40 235
235 40
40 248
248 40
40 389
389 40
40 467
467 40
41 58
58 41
41 73
73 41
41 83
83 41
41 96
96 41
41 100
100 41
41 107
107 41
41 179
179 41
41 230
230 41
41 234
234 41
41 250
250 41
41 373
373 41
41 463
463 41
41 470
470 41
41 497
497 41
42 80
80 42
42 90
90 42
42 106
106 42
42 120
120 42
42 153
153 42
42 262
262 42
42 271
271 42
42 304
304 42
42 306
306 42
42 320
320 42
42 327
327 42
42 384
384 42
42 395
395 42
42 412
412 42
42 429
429 42
42 438
438 42
43 80
80 43
43 84
84 43
43 101
101 43
43 119
119 43
44 59
59 44
44 61
61 44
44 67
67 44
44 70
70 44
44 108
108 44
44 110
110 44
44 116
116 44
44 125
125 44
44 136
136 44
44 146
146 44
44 147
147 44
44 159
159 44
44 160
160 44
44 178
178 44
44 201
201 44
44 235
235 44
44 237
237 44
44 238
238 44
44 267
267 44
44 286
286 44
44 293
293 44
44 358
358 44
44 396
396 44
44 443
443 44
44 448
448 44
44 487
487 44
45 46
46 45
45 58
58 45
45 66
66 45
45 97
97 45
45 98
98 45
45 104
104 45
45 111
111 45
45 126
126 45
45 138
138 45
45 171
171 45
45 174
174 45
45 209
209 45
45 210
210 45
45 232
232 45
45 287
287 45
45 305
305 45
45 307
307 45
45 311
311 45
45 330
330 45
45 433
433 45
45 453
453 45
45 460
460 45
46 47
47 46
46 48
48 46
46 63
63 46
46 77
77 46
46 80
80 46
46 82
82 46
46 111
111 46
46 124
124 46
46 132
132 46
46 145
145 46
46 185
185 46
46 186
186 46
46 188
188 46
46 204
204 46
46 260
260 46
46 280
280 46
46 302
302 46
46 401
401 46
46 446
446 46
46 474
474 46
46 482
482 46
47 60
60 47
47 88
88 47
47 108
108 47
47 120
120 47
47 208
208 47
47 254
254 47
47 288
288 47
47 347
347 47
47 360
360 47
47 361
361 47
47 487
487 47
47 498
498 47
48 65
65 48
48 79
79 48
48 80
80 48
48 89
89 48
48 92
92 48
48 113
113 48
48 129
129 48
48 154
154 48
48 166
166 48
48 181
181 48
48 185
185 48
48 187
187 48
48 202
202 48
48 209
209 48
48 217
217 48
48 218
218 48
48 241
241 48
48 243
243 48
48 262
262 48
48 265
265 48
48 287
287 48
48 295
295 48
48 303
303 48
48 367
367 48
48 388
388 48
48 423
423 48
49 87
87 49
49 112
112 49
49 132
132 49
49 183
183 49
49 185
185 49
49 226
226 49
49 227
227 49
49 236
236 49
49 263
263 49
49 266
266 49
50 80
80 50
50 112
112 50
50 122
122 50
50 126
126 50
50 144
144 50
50 233
233 50
50 250
250 50
50 254
254 50
50 271
271 50
50 388
388 50
50 468
468 50
50 470
470 50
51 121
121 51
51 130
130 51
51 133
133 51
51 152
152 51
51 162
162 51
51 176
176 51
51 271
271 51
51 277
277 51
51 377
377 51
52 56
56 52
52 104
104 52
52 141
141 52
52 328
328 52
52 426
426 52
52 451
451 52
52 498
498 52
53 85
85 53
53 134
134 53
53 140
140 53
53 141
141 53
53 207
207 53
53 279
279 53
53 296
296 53
53 346
346 53
53 460
460 53
54 181
181 54
54 183
183 54
54 308
308 54
54 390
390 54
55 75
75 55
55 79
79 55
55 83
83 55
55 107
107 55
55 138
138 55
55 145
145 55
55 148
148 55
55 156
156 55
55 165
165 55
55 168
168 55
55 179
179 55
55 189
189 55
55 197
197 55
55 211
211 55
55 218
218 55
55 247
247 55
55 335
335 55
56 153
153 56
56 212
212 56
56 351
351 56
57 68
68 57
57 87
87 57
57 146
146 57
57 153
153 57
57 164
164 57
57 175
175 57
57 238
238 57
57 281
281 57
57 410
410 57
57 413
413 57
57 441
441 57
57 471
471 57
58 100
100 58
58 177
177 58
58 206
206 58
58 216
216 58
58 223
223 58
58 268
268 58
58 326
326 58
58 347
347 58
58 391
391 58
58 424
424 58
58 448
448 58
59 64
64 59
59 97
97 59
59 184
184 59
59 300
300 59
59 320
320 59
59 339
339 59
59 348
348 59
59 410
410 59
60 103
103 60
60 132
132 60
60 173
173 60
60 186
186 60
60 440
440 60
60 463
463 60
61 72
72 61
61 85
85 61
61 144
144 61
61 176
176 61
61 213
213 61
61 250
250 61
61 269
269 61
61 405
405 61
61 409
409 61
61 486
486 61
62 66
66 62
62 94
94 62
62 170
170 62
62 282
282 62
62 316
316 62
62 324
324 62
62 412
412 62
62 448
448 62
63 130
130 63
63 230
230 63
63 240
240 63
63 287
287 63
63 310
310 63
63 316
316 63
63 431
431 63
63 458
458 63
64 67
67 64
64 74
74 64
64 82
82 64
64 100
100 64
64 104
104 64
64 125
125 64
64 131
131 64
64 143
143 64
64 149
149 64
64 168
168 64
64 178
178 64
64 193
193 64
64 228
228 64
64 230
230 64
64 244
244 64
64 245
245 64
64 257
257 64
64 258
258 64
64 301
301 64
64 313
313 64
64 399
399 64
64 460
460 64
64 472
472 64
65 88
88 65
65 99
99 65
65 128
128 65
65 216
216 65
65 233
233 65
65 238
238 65
65 260
260 65
65 307
307 65
65 367
367 65
65 415
415 65
65 464
464 65
65 465
465 65
66 102
102 66
66 160
160 66
66 188
188 66
66 204
204 66
66 221
221 66
66 331
331 66
66 381
381 66
66 418
418 66
67 83
83 67
67 98
98 67
67 132
132 67
67 159
159 67
67 239
239 67
67 248
248 67
67 255
255 67
67 263
263 67
68 76
76 68
68 91
91 68
68 94
94 68
68 97
97 68
68 105
105 68
68 163
163 68
68 182
182 68
68 199
199 68
68 252
252 68
68 306
306 68
68 328
328 68
68 336
336 68
68 346
346 68
68 380
380 68
68 387
387 68
68 440
440 68
68 473
473 68
69 132
132 69
69 236
236 69
69 430
430 69
69 461
461 69
70 93
93 70
70 99
99 70
70 106
106 70
70 113
113 70
70 141
141 70
70 159
159 70
70 176
176 70
70 260
260 70
70 281
281 70
70 283
283 70
70 308
308 70
70 309
309 70
70 317
317 70
70 337
337 70
70 356
356 70
70 407
407 70
70 410
410 70
70 436
436 70
71 147
147 71
71 151
151 71
71 311
311 71
72 103
103 72
72 118
118 72
72 159
159 72
72 176
176 72
72 279
279 72
72 338
338 72
72 340
340 72
72 378
378 72
72 387
387 72
72 402
402 72
72 429
429 72
73 129
129 73
73 140
140 73
73 205
205 73
73 210
210 73
73 214
214 73
73 228
228 73
73 256
256 73
73 322
322 73
73 424
424 73
73 445
445 73
73 446
446 73
73 480
480 73
74 134
134 74
74 157
157 74
74 162
162 74
74 184
184 74
74 202
202 74
74 224
224 74
74 256
256 74
74 261
261 74
74 299
299 74
74 304
304 74
74 346
346 74
74 363
363 74
74 382
382 74
74 384
384 74
74 409
409 74
74 427
427 74
74 436
436 74
74 443
443 74
74 449
449 74
74 462
462 74
74 483
483 74
75 105
105 75
75 143
143 75
75 250
250 75
75 298
298 75
75 333
333 75
75 335
335 75
75 380
380 75
75 492
492 75
76 119
119 76
76 123
123 76
76 192
192 76
77 83
83 77
77 95
95 77
77 103
103 77
77 116
116 77
77 117
117 77
77 140
140 77
77 175
175 77
77 182
182 77
77 270
270 77
77 334
334 77
77 349
349 77
77 359
359 77
77 397
397 77
77 476
476 77
77 490
490 77
78 86
86 78
78 92
92 78
78 167
167 78
78 222
222 78
78 266
266 78
78 369
369 78
78 370
370 78
78 375
375 78
78 433
433 78
78 437
437 78
78 498
498 78
79 139
139 79
79 144
144 79
79 238
238 79
79 259
259 79
79 339
339 79
79 435
435 79
79 479
479 79
80 89
89 80
80 107
107 80
80 138
138 80
80 140
140 80
80 144
144 80
80 149
149 80
80 187
187 80
80 200
200 80
80 206
206 80
80 227
227 80
80 246
246 80
80 306
306 80
80 337
337 80
80 364
364 80
80 470
470 80
80 496
496 80
81 102
102 81
81 121
121 81
81 143
143 81
81 160
160 81
81 165
165 81
81 226
226 81
81 265
265 81
81 457
457 81
82 93
93 82
82 116
116 82
82 122
122 82
82 138
138 82
82 154
154 82
82 163
163 82
82 174
174 82
82 175
175 82
82 240
240 82
82 275
275 82
82 311
311 82
83 95
95 83
83 112
112 83
83 123
123 83
83 152
152 83
83 190
190 83
83 239
239 83
83 251
251 83
83 285
285 83
83 371
371 83
83 407
407 83
83 433
433 83
83 434
434 83
83 475
475 83
84 129
129 84
84 317
317 84
84 389
389 84
85 102
102 85
85 115
115 85
85 125
125 85
85 133
133 85
85 137
137 85
85 164
164 85
85 179
179 85
85 186
186 85
85 206
206 85
85 268
268 85
85 345
345 85
85 353
353 85
85 366
366 85
85 406
406 85
86 451
451 86
86 459
459 86
87 139
139 87
87 178
178 87
87 185
185 87
87 293
293 87
87 356
356 87
87 369
369 87
88 98
98 88
88 209
209 88
88 237
237 88
88 244
244 88
88 258
258 88
88 267
267 88
88 327
327 88
88 340
340 88
88 383
383 88
88 444
444 88
89 93
93 89
89 106
106 89
89 120
120 89
89 128
128 89
89 157
157 89
89 167
167 89
89 173
173 89
89 180
180 89
89 192
192 89
89 211
211 89
89 234
234 89
89 236
236 89
89 286
286 89
89 399
399 89
89 457
457 89
89 477
477 89
90 107
107 90
90 128
128 90
90 139
139 90
90 154
154 90
90 310
310 90
90 338
338 90
90 374
374 90
90 451
451 90
91 94
94 91
91 105
105 91
91 109
109 91
91 142
142 91
91 145
145 91
91 150
150 91
91 241
241 91
91 261
261 91
91 265
265 91
91 272
272 91
91 277
277 91
91 353
353 91
91 430
430 91
91 454
454 91
92 94
94 92
92 121
121 92
92 177
177 92
92 357
357 92
92 447
447 92
93 160
160 93
93 237
237 93
93 318
318 93
93 325
325 93
93 343
343 93
93 344
344 93
93 394
394 93
93 409
409 93
93 434
434 93
93 452
452 93
94 131
131 94
94 227
227 94
94 369
369 94
94 376
376 94
94 477
477 94
95 110
110 95
95 134
134 95
95 138
138 95
95 290
290 95
95 319
319 95
95 344
344 95
95 439
439 95
95 452
452 95
95 470
470 95
96 153
153 96
96 166
166 96
96 263
263 96
96 312
312 96
96 354
354 96
96 465
465 96
97 139
139 97
97 164
164 97
97 182
182 97
97 204
204 97
97 386
386 97
97 485
485 97
98 186
186 98
98 213
213 98
98 364
364 98
98 413
413 98
98 491
491 98
99 141
141 99
99 335
335 99
99 360
360 99
99 375
375 99
100 123
123 100
100 129
129 100
100 340
340 100
100 370
370 100
100 393
393 100
101 115
115 101
101 118
118 101
101 224
224 101
101 256
256 101
101 292
292 101
101 299
299 101
101 367
367 101
101 394
394 101
101 418
418 101
101 469
469 101
101 491
491 101
102 199
199 102
102 202
202 102
102 228
228 102
102 246
246 102
102 253
253 102
102 255
255 102
102 312
312 102
102 400
400 102
102 404
404 102
103 172
172 103
103 323
323 103
103 457
457 103
103 466
466 103
104 118
118 104
104 170
170 104
104 172
172 104
104 289
289 104
104 352
352 104
104 366
366 104
105 108
108 105
105 117
117 105
105 133
133 105
105 166
166 105
105 272
272 105
105 304
304 105
105 321
321 105
105 322
322 105
105 336
336 105
105 349
349 105
106 112
112 106
106 133
133 106
106 151
151 106
106 252
252 106
106 303
303 106
106 307
307 106
106 453
453 106
106 473
473 106
107 215
215 107
107 292
292 107
108 136
136 108
108 266
266 108
108 296
296 108
108 302
302 108
108 310
310 108
108 321
321 108
108 399
399 108
108 402
402 108
108 464
464 108
108 486
486 108
109 122
122 109
109 149
149 109
109 284
284 109
109 403
403 109
109 454
454 109
110 173
173 110
110 178
178 110
110 187
187 110
110 246
246 110
110 378
378 110
110 458
458 110
111 147
147 111
111 223
223 111
111 232
232 111
111 239
239 111
111 262
262 111
113 181
181 113
113 334
334 113
113 365
365 113
113 380
380 113
113 432
432 113
114 117
117 114
114 119
119 114
114 152
152 114
114 206
206 114
114 239
239 114
114 240
240 114
114 301
301 114
114 330
330 114
114 363
363 114
114 389
389 114
114 397
397 114
114 438
438 114
115 125
125 115
115 135
135 115
115 144
144 115
115 152
152 115
115 156
156 115
115 211
211 115
115 252
252 115
115 272
272 115
115 398
398 115
116 136
136 116
116 223
223 116
116 237
237 116
116 263
263 116
116 308
308 116
116 377
377 116
116 398
398 116
117 131
131 117
117 166
166 117
117 169
169 117
117 174
174 117
117 180
180 117
117 199
199 117
117 264
264 117
117 422
422 117
118 148
148 118
118 278
278 118
119 150
150 119
119 217
217 119
119 273
273 119
119 277
277 119
119 329
329 119
120 274
274 120
121 168
168 121
121 173
173 121
121 176
176 121
121 180
180 121
121 203
203 121
121 205
205 121
121 309
309 121
121 393
393 121
121 456
456 121
122 158
158 122
122 171
171 122
122 214
214 122
122 269
269 122
122 286
286 122
122 400
400 122
122 475
475 122
123 222
222 123
123 225
225 123
123 278
278 123
123 288
288 123
123 330
330 123
123 373
373 123
124 254
254 124
125 153
153 125
125 171
171 125
125 273
273 125
125 298
298 125
125 444
444 125
126 130
130 126
126 160
160 126
126 188
188 126
126 295
295 126
126 344
344 126
126 364
364 126
126 365
365 126
126 390
390 126
126 419
419 126
126 428
428 126
127 226
226 127
127 283
283 127
127 421
421 127
127 472
472 127
128 142
142 128
128 152
152 128
128 167
167 128
128 212
212 128
128 254
254 128
128 288
288 128
128 416
416 128
128 494
494 128
129 189
189 129
129 451
451 129
130 151
151 130
130 155
155 130
130 218
218 130
130 250
250 130
130 415
415 130
130 431
431 130
130 480
480 130
130 484
484 130
131 135
135 131
131 161
161 131
131 259
259 131
131 275
275 131
131 336
336 131
131 409
409 131
132 315
315 132
133 168
168 133
133 186
186 133
133 191
191 133
133 219
219 133
133 235
235 133
133 248
248 133
133 252
252 133
133 334
334 133
133 423
423 133
133 424
424 133
133 488
488 133
133 496
496 133
134 282
282 134
134 288
288 134
134 389
389 134
135 318
318 135
135 350
350 135
135 391
391 135
135 403
403 135
135 446
446 135
136 151
151 136
136 184
184 136
136 219
219 136
136 240
240 136
136 340
340 136
136 352
352 136
136 362
362 136
136 364
364 136
136 458
458 136
136 461
461 136
136 490
490 136
136 497
497 136
137 148
148 137
137 161
161 137
137 208
208 137
137 210
210 137
137 236
236 137
137 306
306 137
137 325
325 137
137 407
407 137
137 421
421 137
137 499
499 137
139 157
157 139
139 183
183 139
139 202
202 139
139 226
226 139
139 229
229 139
139 233
233 139
139 254
254 139
139 258
258 139
139 309
309 139
139 326
326 139
139 372
372 139
139 379
379 139
139 414
414 139
139 438
438 139
139 455
455 139
139 458
458 139
140 148
148 140
140 373
373 140
140 432
432 140
140 462
462 140
141 251
251 141
141 363
363 141
141 384
384 141
142 161
161 142
142 188
188 142
142 237
237 142
142 242
242 142
142 244
244 142
142 245
245 142
142 247
247 142
142 257
257 142
142 294
294 142
142 324
324 142
142 328
328 142
142 344
344 142
142 499
499 142
143 156
156 143
143 184
184 143
143 222
222 143
143 283
283 143
143 291
291 143
143 329
329 143
143 332
332 143
143 338
338 143
143 369
369 143
144 282
282 144
144 367
367 144
144 387
387 144
145 206
206 145
145 214
214 145
145 223
223 145
145 326
326 145
145 332
332 145
145 366
366 145
146 233
233 146
146 342
342 146
147 180
180 147
147 211
211 147
147 214
214 147
147 220
220 147
147 241
241 147
147 319
319 147
147 343
343 147
147 401
401 147
147 420
420 147
148 203
203 148
148 226
226 148
148 236
236 148
148 285
285 148
148 291
291 148
148 452
452 148
149 187
187 149
149 247
247 149
149 304
304 149
149 313
313 149
149 315
315 149
149 318
318 149
149 493
493 149
151 155
155 151
151 208
208 151
151 220
220 151
151 243
243 151
151 269
269 151
151 289
289 151
151 295
295 151
151 309
309 151
151 338
338 151
151 385
385 151
151 414
414 151
152 184
184 152
152 202
202 152
152 260
260 152
152 365
365 152
152 484
484 152
152 493
493 152
153 172
172 153
153 191
191 153
153 198
198 153
153 225
225 153
153 270
270 153
153 296
296 153
153 352
352 153
154 177
177 154
154 227
227 154
154 379
379 154
154 396
396 154
154 489
489 154
155 162
162 155
155 170
170 155
155 325
325 155
155 392
392 155
156 182
182 156
156 213
213 156
156 276
276 156
156 294
294 156
156 295
295 156
156 298
298 156
156 305
305 156
156 325
325 156
156 327
327 156
156 349
349 156
157 205
205 157
157 218
218 157
157 274
274 157
157 308
308 157
157 348
348 157
157 372
372 157
157 415
415 157
158 183
183 158
158 199
199 158
158 248
248 158
158 373
373 158
158 378
378 158
159 304
304 159
159 359
359 159
159 416
416 159
159 460
460 159
159 461
461 159
159 481
481 159
160 189
189 160
160 215
215 160
160 419
419 160
160 435
435 160
160 447
447 160
161 166
166 161
161 182
182 161
161 249
249 161
161 362
362 161
161 444
444 161
161 483
483 161
162 212
212 162
162 247
247 162
162 335
335 162
162 351
351 162
163 251
251 163
163 280
280 163
163 384
384 163
163 466
466 163
163 471
471 163
163 482
482 163
164 170
170 164
164 218
218 164
164 222
222 164
164 440
440 164
165 267
267 165
165 308
308 165
165 309
309 165
165 329
329 165
165 364
364 165
165 395
395 165
165 436
436 165
165 471
471 165
165 489
489 165
165 497
497 165
166 187
187 166
166 445
445 166
167 244
244 167
167 331
331 167
167 392
392 167
168 179
179 168
168 376
376 168
168 459
459 168
168 492
492 168
168 500
500 168
169 198
198 169
169 208
208 169
169 229
229 169
169 353
353 169
169 413
413 169
170 194
194 170
170 198
198 170
170 203
203 170
170 290
290 170
170 296
296 170
170 377
377 170
170 404
404 170
171 255
255 171
171 495
495 171
171 496
496 171
172 224
224 172
172 279
279 172
172 327
327 172
173 241
241 173
173 280
280 173
173 333
333 173
173 381
381 173
173 418
418 173
173 496
496 173
174 214
214 174
174 371
371 174
175 407
407 175
176 303
303 176
176 331
331 176
176 356
356 176
176 361
361 176
176 373
373 176
177 228
228 177
178 212
212 178
178 371
371 178
178 490
490 178
179 256
256 179
179 385
385 179
179 485
485 179
180 254
254 180
180 285
285 180
180 345
345 180
181 268
268 181
181 277
277 181
181 394
394 181
182 448
448 182
183 231
231 183
183 374
374 183
183 426
426 183
183 493
493 183
184 196
196 184
184 214
214 184
184 346
346 184
184 404
404 184
184 408
408 184
184 426
426 184
185 195
195 185
185 219
219 185
185 229
229 185
185 270
270 185
185 292
292 185
185 314
314 185
185 326
326 185
185 391
391 185
185 408
408 185
185 414
414 185
185 428
428 185
186 207
207 186
186 211
211 186
186 220
220 186
186 257
257 186
186 314
314 186
186 417
417 186
186 451
451 186
187 210
210 187
187 243
243 187
188 368
368 188
189 217
217 189
189 284
284 189
189 382
382 189
189 406
406 189
190 300
300 190
191 389
389 191
192 205
205 192
192 386
386 192
193 200
200 193
193 236
236 193
193 307
307 193
193 312
312 193
193 353
353 193
193 414
414 193
193 469
469 193
193 485
485 193
194 447
447 194
195 212
212 195
195 235
235 195
195 258
258 195
195 315
315 195
196 338
338 196
196 361
361 196
196 400
400 196
196 422
422 196
197 201
201 197
197 221
221 197
197 288
288 197
197 320
320 197
197 366
366 197
197 385
385 197
197 435
435 197
198 219
219 198
199 208
208 199
199 227
227 199
199 242
242 199
199 293
293 199
199 311
311 199
199 325
325 199
200 204
204 200
200 300
300 200
201 464
464 201
201 494
494 201
202 329
329 202
202 432
432 202
203 284
284 203
203 418
418 203
203 445
445 203
203 455
455 203
205 232
232 205
205 243
243 205
205 249
249 205
205 261
261 205
205 318
318 205
205 420
420 205
205 451
451 205
206 372
372 206
206 450
450 206
206 480
480 206
207 253
253 207
207 326
326 207
207 327
327 207
207 336
336 207
207 350
350 207
207 353
353 207
207 424
424 207
208 271
271 208
208 390
390 208
208 474
474 208
209 401
401 209
209 442
442 209
209 463
463 209
210 237
237 210
210 302
302 210
210 305
305 210
210 328
328 210
210 339
339 210
210 360
360 210
210 439
439 210
212 352
352 212
212 394
394 212
212 426
426 212
213 271
271 213
213 362
362 213
213 395
395 213
214 302
302 214
214 375
375 214
214 479
479 214
215 303
303 215
215 386
386 215
215 462
462 215
215 494
494 215
216 297
297 216
216 365
365 216
216 463
463 216
216 482
482 216
217 229
229 217
217 264
264 217
217 356
356 217
218 276
276 218
219 444
444 219
220 249
249 220
220 259
259 220
220 318
318 220
220 323
323 220
220 324
324 220
220 343
343 220
220 390
390 220
220 422
422 220
221 405
405 221
223 315
315 223
224 265
265 224
224 268
268 224
224 287
287 224
224 298
298 224
224 436
436 224
225 238
238 225
225 249
249 225
225 257
257 225
225 297
297 225
225 322
322 225
225 339
339 225
226 231
231 226
226 281
281 226
226 459
459 226
227 278
278 227
227 314
314 227
228 300
300 228
228 465
465 228
229 261
261 229
229 273
273 229
229 322
322 229
229 401
401 229
229 424
424 229
229 478
478 229
230 251
251 230
230 303
303 230
230 312
312 230
230 320
320 230
230 445
445 230
231 276
276 231
231 395
395 231
232 250
250 232
232 281
281 232
232 425
425 232
233 345
345 233
233 357
357 233
233 449
449 233
235 473
473 235
236 261
261 236
236 348
348 236
236 354
354 236
237 243
243 237
237 299
299 237
237 305
305 237
237 350
350 237
237 412
412 237
239 245
245 239
239 257
257 239
239 348
348 239
240 266
266 240
240 348
348 240
240 365
365 240
241 264
264 241
241 317
317 241
241 342
342 241
241 345
345 241
241 361
361 241
241 414
414 241
241 453
453 241
242 252
252 242
242 458
458 242
243 244
244 243
243 255
255 243
243 262
262 243
243 319
319 243
243 382
382 243
243 383
383 243
243 399
399 243
243 477
477 243
244 249
249 244
244 312
312 244
244 487
487 244
245 337
337 245
245 442
442 245
245 446
446 245
246 460
460 246
246 491
491 246
247 337
337 247
247 388
388 247
247 478
478 247
248 276
276 248
248 319
319 248
248 391
391 248
249 473
473 249
250 282
282 250
250 324
324 250
250 330
330 250
250 341
341 250
250 423
423 250
250 481
481 250
250 495
495 250
251 294
294 251
251 423
423 251
252 267
267 252
252 381
381 252
252 499
499 252
253 387
387 253
254 498
498 254
255 437
437 255
255 468
468 255
256 294
294 256
256 380
380 256
256 423
423 256
257 263
263 257
257 269
269 257
258 411
411 258
259 264
264 259
259 312
312 259
259 340
340 259
259 368
368 259
259 405
405 259
259 430
430 259
259 443
443 259
260 273
273 260
260 377
377 260
262 291
291 262
262 398
398 262
263 368
368 263
263 432
432 263
264 341
341 264
264 351
351 264
265 274
274 265
265 341
341 265
266 278
278 266
266 441
441 266
267 357
357 267
267 360
360 267
267 412
412 267
267 442
442 267
268 440
440 268
268 448
448 268
270 351
351 270
270 359
359 270
270 417
417 270
272 333
333 272
272 341
341 272
272 355
355 272
273 393
393 273
273 409
409 273
273 413
413 273
273 419
419 273
275 329
329 275
275 392
392 275
275 494
494 275
275 495
495 275
276 302
302 276
276 316
316 276
276 397
397 276
278 293
293 278
279 333
333 279
279 334
334 279
279 355
355 279
279 362
362 279
280 287
287 280
280 323
323 280
280 374
374 280
281 325
325 281
281 363
363 281
282 284
284 282
283 390
390 283
284 300
300 284
284 347
347 284
284 430
430 284
284 442
442 284
284 449
449 284
285 421
421 285
285 489
489 285
286 295
295 286
286 447
447 286
287 288
288 287
288 294
294 288
288 354
354 288
288 388
388 288
288 469
469 288
289 366
366 289
290 465
465 290
291 498
498 291
292 319
319 292
292 443
443 292
293 392
392 293
295 406
406 295
295 407
407 295
295 420
420 295
295 483
483 295
296 349
349 296
297 476
476 297
297 479
479 297
297 494
494 297
298 350
350 298
299 469
469 299
299 477
477 299
300 410
410 300
301 426
426 301
302 304
304 302
302 310
310 302
303 314
314 303
303 490
490 303
304 347
347 304
304 428
428 304
304 460
460 304
305 444
444 305
306 357
357 306
306 383
383 306
307 379
379 307
309 314
314 309
309 333
333 309
310 468
468 310
310 492
492 310
311 401
401 311
311 440
440 311
312 319
319 312
313 315
315 313
313 497
497 313
314 331
331 314
314 417
417 314
316 443
443 316
317 324
324 317
318 321
321 318
318 382
382 318
318 431
431 318
318 472
472 318
318 488
488 318
319 450
450 319
319 471
471 319
321 357
357 321
322 382
382 322
323 341
341 323
324 335
335 324
324 407
407 324
326 434
434 326
327 457
457 327
327 483
483 327
328 370
370 328
328 398
398 328
328 432
432 328
329 441
441 329
329 481
481 329
330 358
358 330
331 389
389 331
332 347
347 332
332 349
349 332
332 411
411 332
332 467
467 332
333 455
455 333
333 474
474 333
334 490
490 334
336 342
342 336
336 368
368 336
336 476
476 336
337 441
441 337
338 376
376 338
338 454
454 338
341 391
391 341
342 347
347 342
342 355
355 342
342 472
472 342
345 450
450 345
346 430
430 346
346 481
481 346
348 404
404 348
348 436
436 348
348 458
458 348
352 395
395 352
352 419
419 352
352 425
425 352
356 363
363 356
358 369
369 358
359 499
499 359
360 378
378 360
360 425
425 360
361 462
462 361
361 487
487 361
362 397
397 362
363 374
374 363
363 411
411 363
363 416
416 363
366 379
379 366
367 371
371 367
368 428
428 368
368 453
453 368
369 403
403 369
370 404
404 370
371 495
495 371
375 482
482 375
378 462
462 378
380 384
384 380
382 452
452 382
383 412
412 383
383 459
459 383
383 463
463 383
384 386
386 384
384 424
424 384
385 423
423 385
386 402
402 386
387 421
421 387
392 399
399 392
393 397
397 393
393 477
477 393
393 478
478 393
393 488
488 393
398 439
439 398
399 487
487 399
401 402
402 401
401 446
446 401
402 422
422 402
403 497
497 403
406 427
427 406
407 420
420 407
408 434
434 408
411 476
476 411
411 478
478 411
411 500
500 411
413 476
476 413
418 429
429 418
418 447
447 418
419 476
476 419
427 500
500 427
428 437
437 428
432 464
464 432
433 439
439 433
433 452
452 433
434 467
467 434
440 500
500 440
444 467
467 444
445 484
484 445
446 463
463 446
447 478
478 447
450 455
455 450
451 464
464 451
451 492
492 451
458 489
489 458
462 473
473 462
463 493
493 463
466 486
486 466
469 481
481 469
480 482
482 480
493 498
498 493